149,35
72,679
72,675
72,674
72,673
72,672
72,671
72,670
72,669
72,668
72,667
72,666
72,665
72,664
72,663
72,662
72,661
72,660
72,659
72,658
72,657
72,656
72,655
72,654
72,653
72,652
72,651
72,650
72,649
72,648
72,647
72,646
72,645
72,644
72,643
72,642
72,641
72,640
72,639
72,433
72,432
72,431
72,430
72,429
72,428
72,427
72,426
72,425
72,424
72,423
72,422
72,421
72,420
72,419
72,418
72,417
72,416
72,415
72,127
72,126
72,125
72,124
72,123
72,122
72,121
72,120
72,119
72,118
72,117
72,116
72,115
72,114
72,113
72,112
72,111
72,110
72,109
72,106
72,105
72,104
72,103
72,102
72,101
72,100
72,99
72,98
72,97
72,96
72,95
72,94
72,93
72,92
72,91
72,90
72,89
72,88
72,87
72,86
72,85
72,84
72,83
72,82
72,81
72,80
72,79
72,78
72,77
72,76
72,75
72,74
72,73
72,72
72,71
72,70
72,69
72,68
72,67
72,66
72,65
72,64
72,35
72,34
72,33
72,32
72,31
72,30
72,29
72,28
72,27
72,26
72,25
72,24
72,23
72,22
72,21
72,20
72,19
72,18
72,17
72,16
72,15
72,14
72,13
72,12
72,11
72,10
72,9
72,8
72,7
72,6
72,5
72,4
72,3
72,1
20,3
20,2
20,1
19,2
19,3
19,1
12,3
12,2
12,1
11,26
11,19
11,9
11,7
11,6
11,3
11,2
11,1
10,226
10,220
10,212
10,200
18,1
18,3
10,174
14,1
10,128
14,3
13,1
10,30
10,10
10,3
10,2
13,3
10,1
9,7
9,6
9,4
9,3
9,2
9,1
8,16
8,12
8,11
8,9
8,6
8,4
8,3
8,2
8,1
3,3
3,2
3,1
2,2
2,3
2,1
0,0
149,34
149,33
149,32
149,31
149,30
149,29
149,28
149,27
149,26
149,25
149,24
149,23
149,22
149,21
149,20
149,19
149,18
149,17
149,16
149,15
149,14
149,13
149,12
149,11
149,10
149,9
149,8
149,7
149,6
149,5
149,4
149,3
149,2
149,0
0,276
0,275
0,272
0,271
0,12
0,10
0,8
0,444
0,268
0,443
0,267
0,442
0,266
0,441
0,265
0,440
0,264
0,439
0,263
0,438
